   2.0000000000000000     
   1.9975909124103448     
   1.9903694533443936     
   1.9783530199295620     
   1.9615705608064609     
   1.9400625063890879     
   1.9138806714644176     
   1.8830881303660414     
   1.8477590650225735     
   1.8079785862468867     
   1.7638425286967099     
   1.7154572200005440     
   1.6629392246050907     
   1.6064150629612897     
   1.5460209067254740     
   1.4819022507099178     
   1.4142135623730949     
   1.3431179096940369     
   1.2687865683272908     
   1.1913986089848667     
   1.1111404660392039     
   1.0282054883864433     
  0.94279347365199540     
  0.85511018686056373     
  0.76536686473017945     
  0.67377970678443988     
  0.58056935450892433     
  0.48596035980652774     
  0.39018064403225639     
  0.29346094891072327     
  0.19603428065912129     
   9.8135348654836016E-002
  -1.2246467991473532E-016
  -9.8135348654836252E-002
 -0.19603428065912154     
 -0.29346094891072350     
 -0.39018064403225666     
 -0.48596035980652796     
 -0.58056935450892466     
 -0.67377970678444010     
 -0.76536686473017967     
 -0.85511018686056439     
 -0.94279347365199562     
  -1.0282054883864433     
  -1.1111404660392046     
  -1.1913986089848669     
  -1.2687865683272910     
  -1.3431179096940367     
  -1.4142135623730951     
  -1.4819022507099182     
  -1.5460209067254740     
  -1.6064150629612899     
  -1.6629392246050905     
  -1.7154572200005442     
  -1.7638425286967101     
  -1.8079785862468867     
  -1.8477590650225735     
  -1.8830881303660416     
  -1.9138806714644176     
  -1.9400625063890879     
  -1.9615705608064609     
  -1.9783530199295620     
  -1.9903694533443939     
  -1.9975909124103448     
  -2.0000000000000000     
  -1.9975909124103448     
  -1.9903694533443939     
  -1.9783530199295620     
  -1.9615705608064609     
  -1.9400625063890879     
  -1.9138806714644176     
  -1.8830881303660416     
  -1.8477590650225735     
  -1.8079785862468867     
  -1.7638425286967101     
  -1.7154572200005442     
  -1.6629392246050905     
  -1.6064150629612899     
  -1.5460209067254740     
  -1.4819022507099182     
  -1.4142135623730951     
  -1.3431179096940367     
  -1.2687865683272910     
  -1.1913986089848669     
  -1.1111404660392046     
  -1.0282054883864433     
 -0.94279347365199562     
 -0.85511018686056439     
 -0.76536686473017967     
 -0.67377970678444010     
 -0.58056935450892466     
 -0.48596035980652796     
 -0.39018064403225666     
 -0.29346094891072350     
 -0.19603428065912154     
  -9.8135348654836252E-002
  -1.2246467991473532E-016
   9.8135348654836016E-002
  0.19603428065912129     
  0.29346094891072327     
  0.39018064403225639     
  0.48596035980652774     
  0.58056935450892433     
  0.67377970678443988     
  0.76536686473017945     
  0.85511018686056373     
  0.94279347365199540     
   1.0282054883864433     
   1.1111404660392039     
   1.1913986089848667     
   1.2687865683272908     
   1.3431179096940369     
   1.4142135623730949     
   1.4819022507099178     
   1.5460209067254740     
   1.6064150629612897     
   1.6629392246050907     
   1.7154572200005440     
   1.7638425286967099     
   1.8079785862468867     
   1.8477590650225735     
   1.8830881303660414     
   1.9138806714644176     
   1.9400625063890879     
   1.9615705608064609     
   1.9783530199295620     
   1.9903694533443936     
   1.9975909124103448     
